-20 -44 16 26 -46 -26 50 -57 10 -36 -22 7 14 1 20 -9 -5 -42 5 -50
-44 -299 21 19 -88 -34 -111 -36 -9 -53 -43 -52 -14 -43 -24 13 -22 -62 24 -79
16 21 17 55 38 35 -23 44 -39 28 35 -2 103 49 -37 19 -12 69 4 43
26 19 55 60 55 65 18 37 -47 33 29 1 69 4 -52 18 37 39 3 17
-46 -88 38 55 -94 17 -40 -88 1 -108 -78 22 20 26 -19 -22 2 -115 -60 -88
-26 -34 35 65 17 -12 18 24 19 24 2 -4 60 46 50 28 28 27 51 -35
50 -111 -23 18 -40 18 42 -0 79 -24 -7 20 25 69 24 21 11 16 -85 -26
-57 -36 44 37 -88 24 -0 -116 15 -125 -58 -9 36 -8 14 32 -27 -106 -68 -85
10 -9 -39 -47 1 19 79 15 42 13 48 26 50 15 53 10 -19 10 14
-36 -53 28 33 -108 24 -24 -125 13 -110 -50 21 42 -1 -7 17 7 -97 -95 -63
-22 -43 35 29 -78 2 -7 -58 48 -50 -74 32 1 26 15 48 16 -73 -56 -102
7 -52 -2 1 22 -4 20 -9 26 21 32 14 27 37 13 15 10 40 -12 32
14 -14 103 69 20 60 25 36 50 42 1 27 27 102 47 54 88 -2 -37 -12
1 -43 49 4 26 46 69 -8 15 -1 26 37 102 -12 24 29 4 -11 18 11
20 -24 -37 -52 -19 50 24 14 53 -7 15 13 47 24 17 27 45 1 -73 1
-9 13 19 18 -22 28 21 32 10 17 48 15 54 29 27 -6 8 12 -22 -14
-5 -22 -12 37 2 28 11 -27 -19 7 16 10 88 4 45 8 -3 -1 11 -32
-42 -62 69 39 -115 27 16 -106 10 -97 -73 40 -2 -11 1 12 -1 -89 -56 -71
5 24 4 3 -60 51 -85 -68 10 -95 -56 -12 -37 18 -73 -22 11 -56 -5 -141
-50 -79 43 17 -88 -35 -26 -85 4 -63 -102 32 -12 11 1 -14 -32 -71 -141 -76
