-0.13 0.00 0.12 0.26 0.03 -0.07 0.34 -0.22 0.14 -0.01 0.25 0.28 0.10 0.08 0.43 -0.06 -0.09 -0.10 -0.09 0.09
0.00 0.00 0.03 0.69 -0.23 -0.08 -0.19 0.16 0.71 -0.08 0.19 0.13 0.00 0.05 0.24 -0.02 0.19 0.06 0.08 0.04
0.12 0.03 0.04 -0.15 0.39 -0.22 -0.39 0.59 -0.76 0.67 0.65 -0.30 0.04 -0.17 -0.72 -0.31 -0.29 0.58 0.24 0.00
0.26 0.69 -0.15 -0.03 0.27 0.25 -0.45 0.35 -0.97 0.43 0.44 -0.32 -0.10 -0.17 -0.74 -0.26 0.00 0.34 0.29 -0.10
0.03 -0.23 0.39 0.27 -0.44 -0.38 -0.16 -0.19 0.44 -0.30 -0.42 0.18 0.20 -0.29 0.41 0.29 0.31 -0.22 -0.16 0.00
-0.07 -0.08 -0.22 0.25 -0.38 -0.38 0.20 0.25 0.11 0.23 0.19 -0.14 -0.11 -0.06 -0.04 -0.16 -0.26 0.16 0.18 0.14
0.34 -0.19 -0.39 -0.45 -0.16 0.20 -0.29 0.49 0.22 0.16 0.99 -0.24 -0.21 -0.02 -0.12 -0.05 -0.19 0.19 -0.12 -0.34
-0.22 0.16 0.59 0.35 -0.19 0.25 0.49 -0.22 0.36 -0.41 -0.28 0.53 0.25 0.36 0.42 0.21 0.14 -0.25 0.02 0.11
0.14 0.71 -0.76 -0.97 0.44 0.11 0.22 0.36 0.25 0.19 0.00 -0.33 0.11 -0.38 0.75 -0.13 -0.09 0.44 0.22 -0.21
-0.01 -0.08 0.67 0.43 -0.30 0.23 0.16 -0.41 0.19 -0.27 -0.20 0.30 0.42 0.26 0.35 0.25 0.20 -0.29 -0.09 0.24
0.25 0.19 0.65 0.44 -0.42 0.19 0.99 -0.28 0.00 -0.20 0.04 0.08 -0.34 0.46 0.31 0.14 0.19 -0.14 -0.67 -0.13
0.28 0.13 -0.30 -0.32 0.18 -0.14 -0.24 0.53 -0.33 0.30 0.08 -0.53 -0.18 -0.25 -0.14 -0.14 -0.11 0.50 0.06 -0.20
0.10 0.00 0.04 -0.10 0.20 -0.11 -0.21 0.25 0.11 0.42 -0.34 -0.18 0.26 -0.42 -0.38 0.01 -0.07 0.09 -0.28 -0.33
0.08 0.05 -0.17 -0.17 -0.29 -0.06 -0.02 0.36 -0.38 0.26 0.46 -0.25 -0.42 0.29 -0.52 -0.14 -0.14 0.24 0.08 -0.20
0.43 0.24 -0.72 -0.74 0.41 -0.04 -0.12 0.42 0.75 0.35 0.31 -0.14 -0.38 -0.52 0.11 0.17 -0.35 0.30 -0.16 -0.25
-0.06 -0.02 -0.31 -0.26 0.29 -0.16 -0.05 0.21 -0.13 0.25 0.14 -0.14 0.01 -0.14 0.17 -0.20 -0.08 0.18 0.34 0.09
-0.09 0.19 -0.29 0.00 0.31 -0.26 -0.19 0.14 -0.09 0.20 0.19 -0.11 -0.07 -0.14 -0.35 -0.08 0.03 0.25 0.22 0.13
-0.10 0.06 0.58 0.34 -0.22 0.16 0.19 -0.25 0.44 -0.29 -0.14 0.50 0.09 0.24 0.30 0.18 0.25 -0.29 -0.07 0.02
-0.09 0.08 0.24 0.29 -0.16 0.18 -0.12 0.02 0.22 -0.09 -0.67 0.06 -0.28 0.08 -0.16 0.34 0.22 -0.07 -0.12 -0.04
0.09 0.04 0.00 -0.10 0.00 0.14 -0.34 0.11 -0.21 0.24 -0.13 -0.20 -0.33 -0.20 -0.25 0.09 0.13 0.02 -0.04 -0.06
